Date,Withdrawal,Deposit,Balance,Week,Month,Year,Category
2021-09-02,0.0,548.8,2265.52,35,9,2021,Investment Income
2021-09-03,0.0,74.75,2340.27,35,9,2021,Salary
2021-09-03,0.0,3000.0,5340.27,35,9,2021,Bonus
2021-09-07,40.68,0.0,5299.59,36,9,2021,Personal Care
2021-09-07,19.95,0.0,5279.64,36,9,2021,Groceries
2021-09-07,9.37,0.0,5270.27,36,9,2021,Dining Out
2021-09-07,16.6,0.0,5253.67,36,9,2021,Dining Out
2021-09-07,9.04,0.0,5244.63,36,9,2021,Shopping
2021-09-07,70.96,0.0,5173.67,36,9,2021,Entertainment
2021-09-07,25.38,0.0,5148.29,36,9,2021,Groceries
2021-09-07,0.0,3000.0,8148.29,36,9,2021,Investment Income
2021-09-10,0.0,316.0,8464.29,36,9,2021,Investment Income
2021-09-10,0.0,2200.0,10664.29,36,9,2021,Capital Gains
2021-09-10,8000.0,0.0,2664.29,36,9,2021,Healthcare
2021-09-10,52.59,0.0,2611.7,36,9,2021,Housing
2021-09-10,10.0,0.0,2601.7,36,9,2021,Dining Out
2021-09-13,50.25,0.0,2551.45,37,9,2021,Shopping
2021-09-13,0.0,10.0,2561.45,37,9,2021,Salary
2021-09-17,37.29,0.0,2524.16,37,9,2021,Shopping
2021-09-17,46.93,0.0,2477.23,37,9,2021,Dining Out
2021-09-17,44.07,0.0,2433.16,37,9,2021,Groceries
2021-09-20,22.57,0.0,2410.59,38,9,2021,Transportation
2021-09-20,15.81,0.0,2394.78,38,9,2021,Loan Payment
2021-09-20,12.54,0.0,2382.24,38,9,2021,Bills
2021-09-20,1.69,0.0,2380.55,38,9,2021,Transportation
2021-09-20,15.95,0.0,2364.6,38,9,2021,Housing
2021-09-20,63.79,0.0,2300.81,38,9,2021,Housing
2021-09-20,65.33,0.0,2235.48,38,9,2021,Shopping
2021-09-20,42.93,0.0,2192.55,38,9,2021,Groceries
2021-09-24,12.77,0.0,2179.78,38,9,2021,Groceries
2021-09-24,4.62,0.0,2175.16,38,9,2021,Bills
2021-09-27,11.49,0.0,2163.67,39,9,2021,Groceries
2021-09-27,33.77,0.0,2129.9,39,9,2021,Transportation
2021-09-27,44.96,0.0,2084.94,39,9,2021,Loan Payment
2021-09-27,0.0,33.77,2118.71,39,9,2021,Bonus
2021-09-28,41.86,0.0,2076.85,39,9,2021,Bills
2021-09-29,0.0,0.03,2076.88,39,9,2021,Capital Gains
2021-09-29,3.75,0.0,2073.13,39,9,2021,Groceries
2021-10-01,11.29,0.0,2061.84,39,10,2021,Bills
2021-10-01,16.36,0.0,2045.48,39,10,2021,Transportation
2021-10-04,29.48,0.0,2016.0,40,10,2021,Entertainment
2021-10-05,0.0,74.75,2090.75,40,10,2021,Bonus
2021-10-05,14.24,0.0,2076.51,40,10,2021,Healthcare
2021-10-06,24.68,0.0,2051.83,40,10,2021,Shopping
2021-10-07,15.0,0.0,2036.83,40,10,2021,Loan Payment
2021-10-07,10.0,0.0,2026.83,40,10,2021,Loan Payment
2021-10-12,44.06,0.0,1982.77,41,10,2021,Housing
2021-10-12,20.77,0.0,1962.0,41,10,2021,Loan Payment
2021-10-13,11.97,0.0,1950.03,41,10,2021,Bills
2021-10-15,15.0,0.0,1935.03,41,10,2021,Entertainment
2021-10-15,31.17,0.0,1903.86,41,10,2021,Loan Payment
2021-10-18,14.67,0.0,1889.19,42,10,2021,Loan Payment
2021-10-18,15.0,0.0,1874.19,42,10,2021,Entertainment
2021-10-18,37.29,0.0,1836.9,42,10,2021,Dining Out
2021-10-18,41.86,0.0,1795.04,42,10,2021,Shopping
2021-10-18,3.56,0.0,1791.48,42,10,2021,Loan Payment
2021-10-18,4.69,0.0,1786.79,42,10,2021,Transportation
2021-10-18,11.41,0.0,1775.38,42,10,2021,Dining Out
2021-10-18,8.23,0.0,1767.15,42,10,2021,Personal Care
2021-10-18,200.0,0.0,1567.15,42,10,2021,Healthcare
2021-10-20,42.67,0.0,1524.48,42,10,2021,Personal Care
2021-10-20,30.0,0.0,1494.48,42,10,2021,Personal Care
2021-10-20,26.27,0.0,1468.21,42,10,2021,Bills
2021-10-21,0.0,3140.8,4609.01,42,10,2021,Bonus
2021-10-22,30.0,0.0,4579.01,42,10,2021,Dining Out
2021-10-25,53.14,0.0,4525.87,43,10,2021,Housing
2021-10-25,3033.0,0.0,1492.87,43,10,2021,Bills
2021-10-25,35.46,0.0,1457.41,43,10,2021,Shopping
2021-10-25,37.52,0.0,1419.89,43,10,2021,Entertainment
2021-10-25,1.75,0.0,1418.14,43,10,2021,Bills
2021-10-27,5.0,0.0,1413.14,43,10,2021,Housing
2021-10-27,3.96,0.0,1409.18,43,10,2021,Personal Care
2021-10-27,11.4,0.0,1397.78,43,10,2021,Loan Payment
2021-10-27,30.55,0.0,1367.23,43,10,2021,Entertainment
2021-10-28,2.61,0.0,1364.62,43,10,2021,Transportation
2021-10-28,22.87,0.0,1341.75,43,10,2021,Shopping
2021-10-28,45.0,0.0,1296.75,43,10,2021,Personal Care
2021-10-29,27.54,0.0,1269.21,43,10,2021,Housing
2021-10-29,16.28,0.0,1252.93,43,10,2021,Bills
2021-10-29,0.0,0.02,1252.95,43,10,2021,Salary
2021-10-29,17.5,0.0,1235.45,43,10,2021,Entertainment
2021-11-01,8.88,0.0,1226.57,44,11,2021,Transportation
2021-11-01,29.65,0.0,1196.92,44,11,2021,Loan Payment
2021-11-02,22.42,0.0,1174.5,44,11,2021,Dining Out
2021-11-02,25.0,0.0,1149.5,44,11,2021,Groceries
2021-11-03,85.0,0.0,1064.5,44,11,2021,Personal Care
2021-11-03,22.42,0.0,1042.08,44,11,2021,Loan Payment
2021-11-04,22.42,0.0,1019.66,44,11,2021,Shopping
2021-11-05,24.57,0.0,995.09,44,11,2021,Dining Out
2021-11-08,37.52,0.0,957.57,45,11,2021,Groceries
2021-11-09,10.0,0.0,947.57,45,11,2021,Entertainment
2021-11-10,5.0,0.0,942.57,45,11,2021,Transportation
2021-11-12,22.42,0.0,920.15,45,11,2021,Entertainment
2021-11-12,0.0,64.0,984.15,45,11,2021,Salary
2021-11-12,4.84,0.0,979.31,45,11,2021,Loan Payment
2021-11-12,18.85,0.0,960.46,45,11,2021,Healthcare
2021-11-12,39.51,0.0,920.95,45,11,2021,Groceries
2021-11-15,7.9,0.0,913.05,46,11,2021,Dining Out
2021-11-15,12.95,0.0,900.1,46,11,2021,Dining Out
2021-11-15,2.3,0.0,897.8,46,11,2021,Groceries
2021-11-16,53.0,0.0,844.8,46,11,2021,Housing
2021-11-17,11.04,0.0,833.76,46,11,2021,Transportation
2021-11-17,17.84,0.0,815.92,46,11,2021,Transportation
2021-11-18,18.28,0.0,797.64,46,11,2021,Entertainment
2021-11-18,81.69,0.0,715.95,46,11,2021,Dining Out
2021-11-19,5.07,0.0,710.88,46,11,2021,Dining Out
2021-11-19,14.69,0.0,696.19,46,11,2021,Housing
2021-11-19,51.0,0.0,645.19,46,11,2021,Housing
2021-11-22,17.95,0.0,627.24,47,11,2021,Personal Care
2021-11-22,8.5,0.0,618.74,47,11,2021,Shopping
2021-11-22,4.24,0.0,614.5,47,11,2021,Loan Payment
2021-11-22,33.27,0.0,581.23,47,11,2021,Personal Care
2021-11-24,10.0,0.0,571.23,47,11,2021,Entertainment
2021-11-25,22.42,0.0,548.81,47,11,2021,Groceries
2021-11-26,2.15,0.0,546.66,47,11,2021,Transportation
2021-11-26,16.0,0.0,530.66,47,11,2021,Shopping
2021-11-29,22.42,0.0,508.24,48,11,2021,Housing
2021-11-29,10.0,0.0,498.24,48,11,2021,Entertainment
2021-11-29,1.65,0.0,496.59,48,11,2021,Dining Out
2021-11-29,22.42,0.0,474.17,48,11,2021,Healthcare
2021-11-29,10.0,0.0,464.17,48,11,2021,Housing
2021-11-29,50.0,0.0,414.17,48,11,2021,Transportation
2021-11-30,2.15,0.0,412.02,48,11,2021,Personal Care
2021-11-30,22.42,0.0,389.6,48,11,2021,Groceries
2021-11-30,0.0,0.01,389.61,48,11,2021,Investment Income
2021-11-30,21.25,0.0,368.36,48,11,2021,Loan Payment
2021-12-06,18.07,0.0,350.29,49,12,2021,Bills
2021-12-08,15.1,0.0,335.19,49,12,2021,Healthcare
2021-12-10,15.1,0.0,320.09,49,12,2021,Transportation
2021-12-15,16.05,0.0,304.04,50,12,2021,Healthcare
2021-12-15,2.64,0.0,301.4,50,12,2021,Entertainment
2021-12-15,0.0,10.0,311.4,50,12,2021,Capital Gains
2021-12-16,28.73,0.0,282.67,50,12,2021,Groceries
2021-12-16,24.18,0.0,258.49,50,12,2021,Bills
2021-12-16,0.0,28.73,287.22,50,12,2021,Trading
2021-12-17,22.99,0.0,264.23,50,12,2021,Bills
2021-12-20,22.99,0.0,241.24,51,12,2021,Dining Out
2021-12-22,35.0,0.0,206.24,51,12,2021,Transportation
2021-12-24,32.75,0.0,173.49,51,12,2021,Housing
2021-12-29,22.59,0.0,150.9,52,12,2021,Housing
2021-12-29,15.1,0.0,135.8,52,12,2021,Dining Out
2021-12-29,2.81,0.0,132.99,52,12,2021,Loan Payment
2022-01-05,0.0,74.75,207.74,1,1,2022,Investment Income
2022-01-11,22.99,0.0,184.75,2,1,2022,Dining Out
2022-01-12,33.54,0.0,151.21,2,1,2022,Entertainment
2022-01-12,22.32,0.0,128.89,2,1,2022,Personal Care
2022-01-12,22.99,0.0,105.9,2,1,2022,Bills
2022-01-12,0.0,3000.0,3105.9,2,1,2022,Trading
2022-01-12,2800.0,0.0,305.9,2,1,2022,Transportation
2022-01-13,22.99,0.0,282.91,2,1,2022,Shopping
2022-01-13,12.32,0.0,270.59,2,1,2022,Healthcare
2022-01-14,0.0,266.05,536.64,2,1,2022,Bonus
2022-01-14,35.01,0.0,501.63,2,1,2022,Personal Care
2022-01-14,25.85,0.0,475.78,2,1,2022,Personal Care
2022-01-17,11.29,0.0,464.49,3,1,2022,Housing
2022-01-17,73.45,0.0,391.04,3,1,2022,Groceries
2022-01-17,35.34,0.0,355.7,3,1,2022,Personal Care
2022-01-17,3.04,0.0,352.66,3,1,2022,Bills
2022-01-17,18.95,0.0,333.71,3,1,2022,Housing
2022-01-17,0.0,3000.0,3333.71,3,1,2022,Investment Income
2022-01-17,3000.0,0.0,333.71,3,1,2022,Transportation
2022-01-17,22.95,0.0,310.76,3,1,2022,Healthcare
2022-01-17,0.0,3000.0,3310.76,3,1,2022,Trading
2022-01-17,3000.0,0.0,310.76,3,1,2022,Bills
2022-01-17,18.95,0.0,291.81,3,1,2022,Entertainment
2022-01-17,23.81,0.0,268.0,3,1,2022,Personal Care
2022-01-18,15.45,0.0,252.55,3,1,2022,Shopping
2022-01-18,10.38,0.0,242.17,3,1,2022,Loan Payment
2022-01-18,16.95,0.0,225.22,3,1,2022,Entertainment
2022-01-19,16.94,0.0,208.28,3,1,2022,Shopping
2022-01-20,0.0,240.32,448.6,3,1,2022,Trading
2022-01-20,22.99,0.0,425.61,3,1,2022,Personal Care
2022-01-21,22.99,0.0,402.62,3,1,2022,Shopping
2022-01-24,22.99,0.0,379.63,4,1,2022,Dining Out
2022-01-24,3.15,0.0,376.48,4,1,2022,Bills
2022-01-24,22.99,0.0,353.49,4,1,2022,Shopping
2022-01-24,15.95,0.0,337.54,4,1,2022,Groceries
2022-01-24,100.0,0.0,237.54,4,1,2022,Groceries
2022-01-24,2.7,0.0,234.84,4,1,2022,Personal Care
2022-01-25,10.74,0.0,224.1,4,1,2022,Housing
2022-01-25,16.95,0.0,207.15,4,1,2022,Shopping
2022-01-26,14.68,0.0,192.47,4,1,2022,Transportation
2022-01-26,54.87,0.0,137.6,4,1,2022,Dining Out
2022-01-27,0.0,1500.0,1637.6,4,1,2022,Investment Income
2022-01-27,1437.0,0.0,200.6,4,1,2022,Entertainment
2022-01-28,16.95,0.0,183.65,4,1,2022,Groceries
2022-01-31,15.1,0.0,168.55,5,1,2022,Personal Care
2022-01-31,28.9,0.0,139.65,5,1,2022,Transportation
2022-01-31,16.94,0.0,122.71,5,1,2022,Personal Care
2022-01-31,45.0,0.0,77.71,5,1,2022,Shopping
2022-01-31,20.0,0.0,57.71,5,1,2022,Housing
2022-02-07,0.0,20.65,78.36,6,2,2022,Investment Income
2022-02-07,16.93,0.0,61.43,6,2,2022,Loan Payment
2022-02-14,5.07,0.0,56.36,7,2,2022,Entertainment
2022-02-16,0.0,458.56,514.92,7,2,2022,Trading
2022-02-16,4.24,0.0,510.68,7,2,2022,Shopping
2022-02-16,12.0,0.0,498.68,7,2,2022,Dining Out
2022-02-16,32.94,0.0,465.74,7,2,2022,Shopping
2022-02-17,25.24,0.0,440.5,7,2,2022,Transportation
2022-02-17,22.99,0.0,417.51,7,2,2022,Groceries
2022-02-17,17.84,0.0,399.67,7,2,2022,Personal Care
2022-02-18,32.94,0.0,366.73,7,2,2022,Shopping
2022-02-18,10.69,0.0,356.04,7,2,2022,Shopping
2022-02-22,21.29,0.0,334.75,8,2,2022,Loan Payment
2022-02-28,32.94,0.0,301.81,9,2,2022,Groceries
2022-02-28,23.34,0.0,278.47,9,2,2022,Personal Care
2022-02-28,100.0,0.0,178.47,9,2,2022,Groceries
2022-02-28,24.21,0.0,154.26,9,2,2022,Groceries
2022-03-01,35.5,0.0,118.76,9,3,2022,Groceries
2022-03-02,0.0,571.29,690.05,9,3,2022,Bonus
2022-03-02,29.45,0.0,660.6,9,3,2022,Entertainment
2022-03-02,8.6,0.0,652.0,9,3,2022,Shopping
2022-03-03,0.0,300.0,952.0,9,3,2022,Salary
2022-03-03,300.0,0.0,652.0,9,3,2022,Groceries
2022-03-03,18.07,0.0,633.93,9,3,2022,Bills
2022-03-03,104.05,0.0,529.88,9,3,2022,Bills
2022-03-03,14.89,0.0,514.99,9,3,2022,Housing
2022-03-03,22.55,0.0,492.44,9,3,2022,Bills
2022-03-04,29.45,0.0,462.99,9,3,2022,Bills
2022-03-04,53.21,0.0,409.78,9,3,2022,Personal Care
2022-03-07,29.45,0.0,380.33,10,3,2022,Loan Payment
2022-03-07,19.05,0.0,361.28,10,3,2022,Entertainment
2022-03-07,29.45,0.0,331.83,10,3,2022,Bills
2022-03-07,22.57,0.0,309.26,10,3,2022,Personal Care
2022-03-07,22.55,0.0,286.71,10,3,2022,Loan Payment
2022-03-07,28.2,0.0,258.51,10,3,2022,Personal Care
2022-03-08,9.5,0.0,249.01,10,3,2022,Housing
2022-03-08,22.55,0.0,226.46,10,3,2022,Entertainment
2022-03-09,123.0,0.0,103.46,10,3,2022,Shopping
2022-03-09,22.55,0.0,80.91,10,3,2022,Dining Out
2022-03-10,29.45,0.0,51.46,10,3,2022,Personal Care
2022-03-10,33.55,0.0,17.91,10,3,2022,Shopping
2022-03-10,0.0,70.0,87.91,10,3,2022,Capital Gains
2022-03-11,29.45,0.0,58.46,10,3,2022,Transportation
2022-03-14,29.45,0.0,29.01,11,3,2022,Entertainment
2022-03-14,18.05,0.0,10.96,11,3,2022,Shopping
2022-03-16,0.0,571.29,582.25,11,3,2022,Trading
2022-03-16,29.45,0.0,552.8,11,3,2022,Loan Payment
2022-03-16,17.05,0.0,535.75,11,3,2022,Housing
2022-03-17,12.4,0.0,523.35,11,3,2022,Bills
2022-03-17,19.58,0.0,503.77,11,3,2022,Healthcare
2022-03-17,17.05,0.0,486.72,11,3,2022,Personal Care
2022-03-18,32.5,0.0,454.22,11,3,2022,Entertainment
2022-03-21,18.39,0.0,435.83,12,3,2022,Housing
2022-03-21,24.45,0.0,411.38,12,3,2022,Shopping
2022-03-21,375.98,0.0,35.4,12,3,2022,Entertainment
2022-03-21,0.0,50.0,85.4,12,3,2022,Trading
2022-03-21,31.79,0.0,53.61,12,3,2022,Entertainment
2022-03-21,29.45,0.0,24.16,12,3,2022,Bills
2022-03-21,22.36,0.0,1.8,12,3,2022,Groceries